F0 00 20 29 03 03 12 00 04 00
02 01 00 01 04
44 65 73 63 72 69 70 74
69 6F 6E 20 28 6C 65 66
74 20 62 6C 6F 63 6B 29
20 20 20 20 20 20 20 20
20 20 20 20 20 20 20 20
20 20 20 20 20 20 20 20
20 20 20 20 20 20 20 20
20 20 20 20 20 20 20 20
20 20 20 20 20 20 20 20
F7

F0 00 20 29 03 03 12 00 04 00
02 01 00 02 04
44 65 73 63 72 69 70 74
69 6F 6E 20 28 72 69 67
68 74 20 62 6C 6F 63 6B
29 20 20 20 20 20 20 20
20 20 20 20 20 20 20 20
20 20 20 20 20 20 20 20
20 20 20 20 20 20 20 20
20 20 20 20 20 20 20 20
20 20 20 20 20 20 20 20
F7

F0 00 20 29 03 03 12 00 04 00
02 01 00 03 04
56 61 6C 75 65 73 20 28
6C 65 66 74 20 62 6C 6F
63 6B 29 20 20 20 20 20
20 20 20 20 20 20 20 20
20 20 20 20 20 20 20 20
20 20 20 20 20 20 20 20
20 20 20 20 20 20 20 20
20 20 20 20 20 20 20 20
20 20 20 20 20 20 20 20
F7

F0 00 20 29 03 03 12 00 04 00
02 01 00 04 04
56 61 6C 75 65 73 20 28
72 69 67 68 74 20 62 6C
6F 63 6B 29 20 20 20 20
20 20 20 20 20 20 20 20
20 20 20 20 20 20 20 20
20 20 20 20 20 20 20 20
20 20 20 20 20 20 20 20
20 20 20 20 20 20 20 20
20 20 20 20 20 20 20 20
F7

F0 00 20 29 03 03 12 00 04 00
01 01
F7

(clear and reset lights and LEDs)

B0 5A 00 
B0 5B 00
B0 67 01 
